<?xml version="1.0" encoding="UTF-8"?>
<svg width="119px" height="40px" viewBox="0 0 119 40" version="1.1" xmlns="http://www.w3.org/2000/svg" xmlns:xlink="http://www.w3.org/1999/xlink">
    <title>Gauge-Logo-Color</title>
    <g id="Symbols" stroke="none" stroke-width="1" fill="none" fill-rule="evenodd">
        <g id="Gauge-Logo-Color" fill-rule="nonzero">
            <g>
                <path d="M0,11.5701569 L0,11.5060901 C0,5.18025747 4.88020005,0 11.5538358,0 C14.8914092,0 17.0958091,0.762699864 19.079618,2.16149141 C19.7083058,2.61782128 20.0824377,3.35058097 20.085876,4.13230786 C20.0862772,4.77285226 19.8344186,5.38727798 19.3857913,5.84021136 C18.9371639,6.29314474 18.3285795,6.54742065 17.6941247,6.54701563 C17.157709,6.5526304 16.6354236,6.37345657 16.2134448,6.03905752 C14.8914092,5.08568269 13.474187,4.51365779 11.3967025,4.51365779 C7.87026689,4.51365779 5.06906228,7.66055743 5.06906228,11.4420234 L5.06906228,11.5060901 C5.06906228,15.5743312 7.84004893,18.5625893 11.744209,18.5625893 C13.5059159,18.5625893 15.0802714,18.1171726 16.3086314,17.2278645 L16.3086314,14.0489315 L13.0345157,14.0489315 C12.4774992,14.0574986 11.9402825,13.8405041 11.5428339,13.4464062 C11.1453854,13.0523083 10.92081,12.5139328 10.9192587,11.9515069 C10.9192587,10.7720699 11.8662916,9.81594724 13.0345157,9.81594724 L18.5749781,9.81594724 C19.2184134,9.81063414 19.837132,10.0658192 20.292834,10.5244618 C20.7485359,10.9831044 21.0032242,11.6069623 21,12.2565868 L21,17.661078 C21,19.0903776 20.4651113,20.0757858 19.2986982,20.7759443 C16.9847284,22.2256836 14.316428,22.9958253 11.5931192,23 C4.72306667,23.0121803 0,18.149206 0,11.5701569 Z" id="Path" fill="#E43F26"></path>
                <path d="M52,13.0244302 L52,2.47003112 C52,1.1058706 53.0739494,0 54.3987332,0 C55.7235169,0 56.7974664,1.1058706 56.7974664,2.47003112 L56.7974664,12.8966567 C56.7974664,16.5528262 58.5735306,18.4463371 61.5007475,18.4463371 C64.4279644,18.4463371 66.2025336,16.6174827 66.2025336,13.0567585 L66.2025336,2.47003112 C66.2025336,1.1058706 67.2764831,0 68.6012668,0 C69.9260506,0 71,1.1058706 71,2.47003112 L71,12.8643285 C71,19.664034 67.2923912,23 61.4319773,23 C55.5715635,23 52,19.6332452 52,13.0244302 Z" id="Path" fill="#E43F26"></path>
                <path d="M76,11.5701569 L76,11.5060901 C76,5.18025747 80.8823058,0 87.5588213,0 C90.8978347,0 93.1031859,0.762699864 95.0878508,2.16149141 C95.7162381,2.61814982 96.0899421,3.3508559 96.0930314,4.13230786 C96.0934327,4.77285226 95.8414655,5.38727798 95.3926446,5.84021136 C94.9438236,6.29314474 94.3349766,6.54742065 93.7002481,6.54701563 C93.1636009,6.5526304 92.6410901,6.37345657 92.2189293,6.03905752 C90.8963232,5.08568269 89.4784895,4.51365779 87.4001085,4.51365779 C83.8721513,4.51365779 81.069738,7.66055743 81.069738,11.4420234 L81.069738,11.5060901 C81.069738,15.5743312 83.8419203,18.5625893 87.747765,18.5625893 C89.510232,18.5625893 91.0852669,18.1171726 92.3141569,17.2278645 L92.3141569,14.0489315 L89.04014,14.0489315 C88.4828832,14.0574986 87.9454346,13.8405041 87.5478146,13.4464062 C87.1501946,13.0523083 86.9255223,12.5139328 86.9239703,11.9515069 C86.9239703,10.7720699 87.8714118,9.81594724 89.04014,9.81594724 L94.5814816,9.81594724 C95.2240128,9.81226876 95.8412827,10.0682254 96.2956282,10.526734 C96.7499736,10.9852425 97.0036063,11.6081683 97,12.2565868 L97,17.661078 C97,19.0903776 96.4663842,20.0757858 95.2994677,20.7759443 C92.9843038,22.2252376 90.3149803,22.9953423 87.5905638,23 C80.7235931,23.0121803 76,18.149206 76,11.5701569 Z" id="Path" fill="#E43F26"></path>
                <path d="M102,20.5807621 L102,3.4207073 C101.994785,2.77711394 102.249018,2.15834716 102.705736,1.70324263 C103.162454,1.24813811 103.783414,0.994803542 104.42929,1 L116.666144,1 C117.869491,0.999246101 118.846143,1.96974757 118.848647,3.16884149 C118.846258,3.74053977 118.615215,4.28769415 118.206696,4.68910863 C117.798176,5.09052311 117.2459,5.31306422 116.672198,5.30743858 L106.834282,5.30743858 L106.834282,9.76863055 L115.246457,9.76863055 C116.447441,9.77111944 117.420409,10.7406502 117.422906,11.9373912 C117.42052,12.5089536 117.189429,13.0559558 116.780864,13.4571313 C116.3723,13.8583068 115.820018,14.08051 115.246457,14.0744801 L106.826714,14.0744801 L106.826714,18.695539 L116.815983,18.695539 C117.394016,18.6943378 117.948854,18.9219981 118.358437,19.3284371 C118.76802,19.734876 118.998797,20.2868 119,20.8627915 C118.997613,21.4343539 118.766522,21.9813561 118.357958,22.3825316 C117.949394,22.7837071 117.397112,23.0059103 116.82355,23 L104.42929,23 C103.783679,23.0051523 103.162952,22.7520238 102.706279,22.2972475 C102.249606,21.8424711 101.995193,21.2240951 102,20.5807621 L102,20.5807621 Z" id="Path" fill="#E43F26"></path>
                <path d="M39.3940126,2.20825047 L33.5144422,2.20825047 L34.3724552,0.0078585426 L29.7799042,0.0078585426 L26.2722307,8.56109631 C26.1122903,8.89688741 26.0196277,9.26533981 26.0002842,9.64243178 C25.9909148,10.26502 26.2135195,10.8655426 26.6180303,11.30893 C27.0225411,11.7523174 27.5749949,12.0013425 28.1511338,12 C29.1211247,12 29.907879,11.4106039 30.3019833,10.428286 L31.7867821,6.65618559 L41.1216727,6.65618559 L42.5453926,10.2648283 C42.968582,11.3131579 43.697166,11.9937077 44.7878604,11.9937077 C45.3798302,11.9937687 45.947121,11.7373802 46.3628272,11.2818976 C46.7785334,10.826415 47.007962,10.2098507 46.9997889,9.57013318 C46.9879359,9.21941658 46.9071299,8.87544615 46.7627446,8.56109631 L43.2492541,0 L38.5359996,0 L39.3940126,2.20825047 Z" id="Path" fill="#E43F26"></path>
                <path d="M37.1512727,13 L36.8792727,13 C35.6065455,13 34.6654545,13.699497 34.1505455,14.8560766 L31,22 L35.5556364,22 L36.9403636,18.689437 L38.3236364,22 L43,22 L39.8494545,14.8560766 C39.3345455,13.699497 38.4254545,13 37.1512727,13 Z" id="Path" fill="#E43F26"></path>
                <path d="M57.0098739,27 L59.4626993,27 C60.2841553,27 60.91179,27.172251 61.3456034,27.516753 C61.7794168,27.8612549 61.9968045,28.3560768 61.9977664,29.0012184 C62.0241936,29.5657046 61.8152628,30.1173239 61.4163025,30.5363996 C61.0315456,30.9311605 60.482786,31.1856534 59.7700238,31.2998782 L59.7700238,31.3245507 C60.756642,31.4889458 61.4585152,32.3275702 61.4047598,33.2777947 C61.4047598,34.119403 61.1008018,34.7832775 60.4928859,35.2694182 C59.88497,35.7555589 59.0413904,35.9990862 57.9621473,36 L55,36 L57.0098739,27 Z M56.6592642,31.5630521 L55.7849041,35.4476089 L58.0011039,35.4476089 C58.866807,35.4476089 59.5353221,35.2680475 60.0066493,34.9089248 C60.4779766,34.549802 60.7126783,34.0234542 60.7107662,33.3298812 C60.7107662,32.7349985 60.518376,32.2918063 60.1336191,32.0003046 C59.7488622,31.7088029 59.1544128,31.5630521 58.3502708,31.5630521 L56.6592642,31.5630521 Z M56.7833483,31.0079196 L58.5840107,31.0079196 C59.4747229,31.0079196 60.1509332,30.8416083 60.6126415,30.5089857 C61.0743498,30.1763631 61.3056849,29.6879379 61.3066468,29.04371 C61.3066468,28.5557417 61.1383156,28.1851965 60.8016533,27.9320743 C60.464991,27.6789522 59.9700974,27.552848 59.3169726,27.5537569 L57.553824,27.5537569 L56.7833483,31.0079196 Z" id="Shape" fill="#A7A9AC"></path>
                <path d="M62.2167273,29 L62.8698182,29 L63.4065455,32.8147329 C63.6276364,34.4426829 63.7473939,35.4844262 63.7658182,35.939963 L63.8370909,35.939963 C64.0252121,35.4534373 64.4305455,34.6022757 65.0530909,33.3864781 L67.3265455,29 L68,29 L63.3454545,37.9867795 C63.1264703,38.4326786 62.8578696,38.8488606 62.5454545,39.2263353 C62.329731,39.4595311 62.0771478,39.6504449 61.7992727,39.7903332 C61.4988779,39.935216 61.1718637,40.006686 60.8421818,39.9995082 C60.5553018,39.9983192 60.2706353,39.9459463 60,39.8445637 L60,39.2108408 C60.2849412,39.3309689 60.5881211,39.3945107 60.8945455,39.3983236 C61.2417419,39.3989 61.5795171,39.2780552 61.856,39.0543469 C62.2113153,38.7402599 62.5007179,38.3501538 62.7054545,37.9093072 C62.9789091,37.3762983 63.1966061,36.949168 63.3585455,36.6279164 L62.2167273,29 Z" id="Path" fill="#A7A9AC"></path>
                <path d="M76,29.6886248 L75.8759096,30.2235765 L73.9287629,30.2235765 L72.998851,34.4164804 C72.9079879,34.7713083 72.8566343,35.1343848 72.845653,35.4996105 C72.845653,36.1109838 73.1346866,36.4166704 73.7127537,36.4166704 C74.06853,36.4098169 74.4212271,36.3518571 74.7590961,36.2447217 L74.7590961,36.8134752 C74.3794277,36.9231295 73.9864899,36.9848841 73.5901953,36.9971812 C73.2024982,37.0211447 72.8215206,36.891528 72.536193,36.6385872 C72.2900549,36.397565 72.1664752,36.0487687 72.1654538,35.5921983 C72.184098,35.1333079 72.2508198,34.677381 72.3646113,34.2313048 L73.2516277,30.2235765 L72,30.2235765 L72.0965147,29.7826823 L73.3619303,29.6709891 L74.0298736,28 L74.4082727,28 L74.0314056,29.6886248 L76,29.6886248 Z" id="Path" fill="#A7A9AC"></path>
                <path d="M78.3215744,35.9999691 C77.5918685,35.9999691 77.0222846,35.7726334 76.6128228,35.3180255 C76.203361,34.8634176 75.9990997,34.2295538 76.0000192,33.416434 C75.9980259,32.6735153 76.1509716,31.9380915 76.4494138,31.2556606 C76.7132293,30.6133364 77.1388697,30.047647 77.6862513,29.6118651 C78.176558,29.2178268 78.7900939,29.0024125 79.4231769,29.0020253 C79.8421542,28.9815341 80.2535942,29.1171306 80.5754925,29.3817892 C80.8644759,29.6482372 81.019138,30.0266331 80.9981021,30.4157449 C80.9981021,31.1669567 80.6534405,31.7398365 79.9641172,32.1343844 C79.2747939,32.5289323 78.2506699,32.7257442 76.8917452,32.7248202 L76.6818491,32.7248202 C76.6552308,32.9274903 76.6425237,33.1316948 76.6438142,33.3360461 C76.6438142,34.0207299 76.8001798,34.5423277 77.1129109,34.9008396 C77.425642,35.2593515 77.8750169,35.4390695 78.4610356,35.4399935 C79.0712133,35.4266135 79.6694306,35.2707995 80.2064134,34.9853856 L80.2064134,35.5702774 C79.6204955,35.8553578 78.9752165,36.0024529 78.3215744,35.9999691 L78.3215744,35.9999691 Z M79.3442897,29.5370211 C78.7920798,29.5370211 78.2783743,29.7767991 77.8031733,30.2563549 C77.2952815,30.7970047 76.9406624,31.4594461 76.7748232,32.1773504 L77.0903717,32.1773504 C79.2729157,32.1773504 80.3637181,31.6169445 80.3627789,30.4961329 C80.3715052,30.2365312 80.269326,29.9851993 80.0810392,29.8031331 C79.8828277,29.6189523 79.6165411,29.5227702 79.3442897,29.5370211 L79.3442897,29.5370211 Z" id="Shape" fill="#A7A9AC"></path>
                <path d="M86.3521127,34.037602 C86.3741837,34.5882394 86.1328157,35.1172383 85.7,35.466817 C85.2661972,35.8216949 84.6760563,35.9991338 83.9295775,35.9991338 C83.2558111,36.0133567 82.5901773,35.8522023 82,35.5319704 L82,34.8665744 C82.3022935,35.0535569 82.6274108,35.2021406 82.9676056,35.3087855 C83.26985,35.4076066 83.5857672,35.4599747 83.9042254,35.4640446 C84.485446,35.4640446 84.9305164,35.3448278 85.2394366,35.1063942 C85.5505484,34.8594601 85.7219469,34.4802814 85.7,34.0875067 C85.7033328,33.9288412 85.6701072,33.7714937 85.6028169,33.6272744 C85.5253209,33.4794664 85.4173953,33.3491652 85.2859155,33.2446718 C85.0195834,33.0442471 84.7369387,32.8657432 84.4408451,32.7109688 C83.8173709,32.3791949 83.3948357,32.0774563 83.1732394,31.805753 C82.9494095,31.5221802 82.8328797,31.1707512 82.843662,30.8118178 C82.8318378,30.3049708 83.0623165,29.8220284 83.4661972,29.5073644 C83.8812207,29.1691215 84.4286385,29 85.1084507,29 C85.4456886,29.0019839 85.7817903,29.0386881 86.1112676,29.1095131 C86.41921,29.1670408 86.7180533,29.264463 87,29.3992376 L86.7788732,29.9537342 C86.2590832,29.7002534 85.6884668,29.5638739 85.1084507,29.5544966 C84.6900055,29.5339957 84.2764471,29.650501 83.9323944,29.8858084 C83.6488431,30.0815224 83.4825857,30.4030796 83.4887324,30.7438919 C83.4797363,30.9345705 83.5169077,31.1246237 83.5971831,31.2983886 C83.6935206,31.464434 83.8234255,31.6092752 83.9788732,31.7239647 C84.2157479,31.9051988 84.468907,32.0648142 84.7352113,32.2008318 C85.0950118,32.3850756 85.4372369,32.6008131 85.7577465,32.8454342 C85.9414901,32.9931251 86.0920847,33.1767479 86.2,33.3846822 C86.2999729,33.5882848 86.3519689,33.8114695 86.3521127,34.037602 Z" id="Path" fill="#A7A9AC"></path>
                <path d="M92,29.6778639 L91.8757192,30.2136028 L89.925585,30.2136028 L88.9942463,34.4126779 C88.9032437,34.7680281 88.8518114,35.131639 88.8408132,35.4974022 C88.8408132,36.1096753 89.1302902,36.4158119 89.7092443,36.4158119 C90.0655664,36.4089483 90.4188047,36.3509031 90.7571922,36.2436101 L90.7571922,36.8132007 C90.3769413,36.9230163 89.9834005,36.9848618 89.5864979,36.997177 C89.1982059,37.0211758 88.8166437,36.8913683 88.5308784,36.6380553 C88.2833397,36.3966784 88.1595704,36.0473687 88.1595704,35.5901263 C88.1811729,35.1348063 88.250047,34.6826868 88.3651707,34.2404761 L89.2535481,30.2268491 L88,30.2268491 L88.0966628,29.785306 L89.3640199,29.6734484 L90.0329881,28 L90.4119678,28 L90.0283851,29.6778639 L92,29.6778639 Z" id="Path" fill="#A7A9AC"></path>
                <path d="M91.0015901,36.6269317 C90.9897537,36.4638413 91.0442611,36.3021794 91.1563592,36.1679068 C91.25753,36.0572057 91.4175323,35.9946268 91.5847379,36.0003627 C91.8611113,36.0003627 91.999298,36.1239169 91.999298,36.3710253 C92.0069294,36.5313819 91.952177,36.6895169 91.843147,36.8220172 C91.7504605,36.9360739 91.5942349,37.0031044 91.4285869,36.9998894 C91.1448436,37.0021845 91.0025113,36.8778652 91.0015901,36.6269317 Z" id="Path" fill="#A7A9AC"></path>
                <path d="M97.8045413,35.9985072 C96.937995,35.9985072 96.2539671,35.7677757 95.7524576,35.3063126 C95.2509481,34.8448496 95.0001934,34.209415 95.0001934,33.4000088 C94.9931091,32.6268199 95.1807647,31.8609664 95.5510771,31.1517608 C95.8590012,30.5157667 96.3721765,29.9629005 97.0339697,29.5541757 C97.6667432,29.1841246 98.4241503,28.9902717 99.1975616,29.00042 C99.8133652,28.9930102 100.425183,29.083704 101,29.2676071 L100.790298,29.8213628 C100.27784,29.6298068 99.722765,29.5298227 99.1609469,29.5278723 C98.5336106,29.5238206 97.9222239,29.692205 97.4217519,30.0068709 C96.8706355,30.3659812 96.4500658,30.8452082 96.2068119,31.3912601 C95.9039743,32.0304529 95.7557933,32.7130822 95.7707649,33.4000088 C95.7707649,34.0552863 95.9538381,34.5601269 96.3199844,34.9145305 C96.6861307,35.2689341 97.2059475,35.4461359 97.8794348,35.4461359 C98.5605157,35.456835 99.2346855,35.3310029 99.8449748,35.0792728 L99.8449748,35.6510255 C99.2060669,35.8959899 98.5077777,36.0149072 97.8045413,35.9985072 Z" id="Path" fill="#A7A9AC"></path>
                <path d="M104.563742,29.0002785 C105.339352,29.0002785 105.939036,29.2250613 106.362793,29.6746268 C106.786551,30.1241922 106.998909,30.7437266 106.999868,31.5332299 C107.005246,32.3187186 106.846815,33.0972839 106.533926,33.8229737 C106.27811,34.4667376 105.840313,35.0290793 105.269845,35.4466605 C104.732896,35.8182289 104.084898,36.0122043 103.423336,35.9994049 C102.62951,35.9994049 102.02743,35.7727797 101.617095,35.3195293 C101.206759,34.8662788 101.001112,34.2177254 101.000154,33.3738689 C100.994314,32.6096795 101.154989,31.8527753 101.471847,31.1518362 C101.738381,30.519186 102.178172,29.9676641 102.744558,29.5557867 C103.272502,29.1864965 103.910793,28.9915873 104.563742,29.0002785 L104.563742,29.0002785 Z M104.511971,29.5336573 C103.988318,29.531539 103.480093,29.703928 103.07388,30.0214739 C102.612621,30.3933865 102.261037,30.875126 102.054274,31.4185354 C101.798001,32.0335881 101.66857,32.6906377 101.67318,33.3531409 C101.67318,34.7681667 102.280054,35.4756796 103.493803,35.4756796 C104.022625,35.4818752 104.537371,35.3119566 104.950588,34.9947919 C105.415189,34.6193445 105.765915,34.130533 105.96588,33.5797662 C106.223825,32.9243408 106.352097,32.2283859 106.344098,31.5277025 C106.344098,30.8902039 106.186867,30.3996432 105.872405,30.0560204 C105.557942,29.7123976 105.103026,29.5401256 104.507657,29.5392044 L104.511971,29.5336573 Z" id="Shape" fill="#A7A9AC"></path>
                <path d="M112.097798,36 L113.041464,31.7283353 C113.120971,31.3904105 113.174975,31.0471345 113.203031,30.7013301 C113.203031,29.9329571 112.873225,29.5483004 112.213612,29.5473599 C111.749846,29.5490681 111.298846,29.697396 110.926794,29.9705764 C110.498498,30.2861585 110.149256,30.6944462 109.905919,31.1640468 C109.605635,31.737589 109.389481,32.3503247 109.263941,32.9838775 L108.63054,36 L108,36 L109.47698,29.1043934 L109.990277,29.1043934 L109.774378,30.4417574 L109.812983,30.4417574 C110.115577,30.0011581 110.51421,29.6329069 110.979697,29.3639661 C111.394568,29.1280309 111.864872,29.0035114 112.343723,29.0028214 C112.739745,28.9790707 113.12511,29.1349 113.390335,29.4260379 C113.634353,29.7081822 113.763035,30.1201129 113.77638,30.6618299 L113.814984,30.6618299 C114.098638,30.1647199 114.496838,29.7404201 114.977409,29.4232164 C115.401891,29.1474021 115.898945,29.0002755 116.407206,29 C116.908588,29 117.299399,29.1297864 117.57964,29.3893591 C117.85988,29.6489319 118,30.0218326 118,30.5080613 C118,30.630794 118,30.7507054 117.984272,30.8663845 C117.968544,30.9820637 117.93137,31.2345828 117.85845,31.623942 L116.883329,35.9971786 L116.23992,35.9971786 L117.197884,31.6874244 C117.285889,31.321107 117.339494,30.9475675 117.358021,30.5715437 C117.385929,30.2916268 117.285265,30.014097 117.083689,29.8152105 C116.882113,29.6163241 116.600831,29.5170033 116.317129,29.5445385 C115.645124,29.5445385 115.051282,29.8351471 114.535602,30.4163644 C114.019922,30.9975816 113.659136,31.7636034 113.453246,32.7144297 L112.752645,35.9971786 L112.097798,36 Z" id="Path" fill="#A7A9AC"></path>
            </g>
        </g>
    </g>
</svg>